1142461296700 574
1142461321318 6477
1142461321318 6192
1142461322156 6384
1142461322156 4743
1142461322766 4889
1142461322766 4889
1142461323387 5038
1142461323387 4691
1142461323880 4805
1142461323880 3110
1142461324635 3291
1142461324635 3291
1142461325368 3467
1142461325368 3080
1142461325801 3179
1142461325801 1419
1142461326457 1577
1142461326457 1577
1142461327648 1862
1142461327648 1542
1142461327943 1613
1142461327943 1613
1142461328440 1732
1142461328440 1732
1142461328806 1820
1142461328806 1494
1142461329348 1624
1142461329348 1624
1142461329611 1687
1142461329668 1701
1142461329697 1708
1142461329697 1708
1142461330148 1816
1142461330148 1485
1142461330295 1520
1142461330400 1545
1142461330439 1555
1142461330439 1427
1142461330706 1488
1142461330746 1498
1142461330746 1498
1142461330763 1502
1142461331095 1578
1142461331095 1578
1142461331180 1597
1142461331236 1610
1142461331395 1648
1142461331395 1190
1142461331595 1224
1142461331663 1235
1142461331809 1261
1142461331809 1261
1142461332042 1300
1142461332253 1336
1142461332417 1364
1142461332506 1379
1142461332561 1388
1142461332561 1388
1142461338785 1536
1142461338848 1550
1142461338911 1563
1142461338959 1573
1142461339055 1594
1142461339258 1637
1142461339258 1637
1142461339702 1732
1142461339702 1150
1142461340167 1250
1142461340167 1012
1142461340375 1042
1142461340467 1055
1142461340640 1081
1142461340640 999
1142461346314 1365
1142461346318 1367
1142461346318 905
1142461346638 975
1142461346702 989
1142461346702 989
1142461346782 1006
1142461346811 1013
1142461346885 1029
1142461347144 1085
1142461347144 953
1142461347454 998
1142461347578 1018
1142461347578 949
1142461347585 950
1142461347927 1003
1142461347927 1003
1142461348339 1066
1142461348339 1066
1142461348526 1095
1142461348663 1116
1142461348769 1133
1142461348921 1158
1142461348921 1092
1142461353224 912
1142461353467 968
1142461353467 968
1142461353736 1030
1142461353799 1044
1142461353799 924
1142461353839 930
1142461354253 996
1142461354253 928
1142461354289 933
1142461354391 950
1142461354880 1027
1142461354880 1027
1142461355276 1090
1142461355276 1090
1142461355631 1146
1142461355631 1078
1142461360505 1015
1142461360519 1019
1142461360519 1019
1142461360653 1049
1142461360904 1107
1142461360904 995
1142461361395 1072
1142461361395 1001
1142461361624 1037
1142461361740 1055
1142461361778 1061
1142461361778 1061
1142461362398 1159
1142461362398 1159
1142461362740 1212
1142461362740 1141
1142461368315 1167
1142461368338 1172
1142461368338 1079
1142461368364 1083
1142461368460 1099
1142461368789 1152
1142461368789 1077
1142461369141 1134
1142461369245 1151
1142461369315 1162
1142461369319 1163
1142461369319 1163
1142461369404 1177
1142461369848 1253
1142461369848 1253
1142461370286 1328
1142461370286 1253
1142461370673 1320
1142461370673 1320
1142461376747 1168
1142461377223 1243
1142461377223 1243
1142461377276 1251
1142461377375 1267
1142461377523 1291
1142461377680 1315
1142461377680 1315
1142461378318 1416
1142461378318 1335
1142461378729 1400
1142461378729 1400
1142461384483 1301
1142461384750 1346
1142461384750 1346
1142461384865 1366
1142461384980 1385
1142461385266 1434
1142461385266 1434
1142461385417 1460
1142461385476 1470
1142461385628 1495
1142461385736 1514
1142461385936 1548
1142461385936 1548
1142461386568 1655
1142461386568 1572
1142461386713 1597
1142461386779 1607
1142461387049 1653
1142461387049 1653
1142461397144 2106
1142461397328 2138
1142461397417 2154
1142461397417 2154
1142461397444 2159
1142461398026 2260
1142461398237 2297
1142461398263 2302
1142461398263 2302
1142461398529 2349
1142461398575 2357
1142461398575 2357
1142461398594 2360
1142461399337 2490
1142461399337 2362
1142461399907 2462
1142461399907 2462
1142461399972 2473
1142461400029 2483
1142461400189 2511
1142461400247 2525
1142461400367 2552
1142461400427 2566
1142461401927 2912
1142461401927 2770
1142461402607 2927
1142461402656 2938
1142461402656 2068
1142461402657 2069
1142461402657 2069
1142461402855 2101
1142461403427 2193
1142461403427 2193
1142461413444 2692
1142461413476 2697
1142461413476 2697
1142461414196 2809
1142461414196 2660
1142461414328 2681
1142461414401 2693
1142461415406 2851
1142461415406 2851
1142461415539 2872
1142461415601 2881
1142461415839 2919
1142461415839 2780
1142461415914 2792
1142461415987 2803
1142461416288 2850
1142461416288 1974
1142461416370 1986
1142461416446 1997
1142461416782 2044
1142461416782 2044
1142461424864 2226
1142461425118 2263
1142461425118 2263
1142461425375 2301
1142461425441 2311
1142461425631 2339
1142461425631 2339
1142461426490 2466
1142461426490 2344
1142461426907 2405
1142461426907 2405
1142461426927 2408
1142461426995 2418
1142461427371 2473
1142461427371 2357
1142461427387 2359
1142461427454 2369
1142461427881 2432
1142461427881 1752
1142461428329 1814
1142461428329 1814
1142461435447 1966
1142461435496 1974
1142461435875 2032
1142461435944 2043
1142461436019 2055
1142461436019 2055
1142461436548 2136
1142461436548 2035
1142461437191 2134
1142461437191 2134
1142461437664 2206
1142461437664 2104
1142461438222 2190
1142461438222 1553
1142461438686 1632
1142461438746 1642
1142461438756 1644
1142461438832 1656
1142461438832 1656
1142461445625 1881
1142461445881 1921
1142461445881 1827
1142461446375 1903
1142461446375 1903
1142461446604 1938
1142461446671 1949
1142461446858 1978
1142461446858 1887
1142461447062 1919
1142461447072 1920
1142461447135 1930
1142461447144 1931
1142461447299 1955
1142461447299 1371
1142461447745 1433
1142461447745 1433
1142461455605 2110
1142461456200 2212
1142461456200 2110
1142461456529 2166
1142461456529 2166
1142461456531 2167
1142461456589 2177
1142461456924 2234
1142461456989 2245
1142461456990 2245
1142461456990 2144
1142461457235 2186
1142461457302 2198
1142461457753 2276
1142461457753 1833
1142461458101 1890
1142461458176 1902
1142461458407 1941
1142461458457 1949
1142461458457 1949
1142461458474 1952
1142461458868 2017
1142461458868 2017
1142461468236 2510
1142461468430 2543
1142461468430 2419
1142461469117 2532
1142461469117 2532
1142461469493 2594
1142461469574 2608
1142461469875 2658
1142461469898 2662
1142461469898 2533
1142461469953 2542
1142461470335 2605
1142461470335 2605
1142461470878 2695
1142461470954 2707
1142461470970 2710
1142461470970 2710
1142461471365 2775
1142461471512 2799
1142461471512 1838
1142461471587 1851
1142461471664 1863
1142461471809 1887
1142461471883 1905
1142461471884 1905
1142461472072 1948
1142461472072 1575
