1142461529921 575
1142461539006 2751
1142461539006 2621
1142461539315 2692
1142461539315 2041
1142461539706 2134
1142461539706 2048
1142461540029 2116
1142461540029 2103
1142461540341 2156
1142461540341 2098
1142461540668 2174
1142461540668 2162
1142461542243 2540
1142461542243 1577
1142461551577 3765
1142461551577 3765
1142461565279 7010
1142461565279 5468
1142461565628 5527
1142461565628 5307
1142461566334 5469
1142461566334 5095
1142461566747 5190
1142461566747 4819
1142461567131 4908
1142461567131 4908
1142461567565 5007
1142461567568 5008
1142461567720 5043
1142461567720 5043
1142461568114 5134
1142461568114 5134
1142461568620 5250
1142461568620 5250
1142461568997 5337
1142461568997 5337
1142461571141 5830
1142461571328 5873
1142461571463 5904
1142461571463 5904
1142461572250 6085
1142461572393 6118
1142461572539 6152
1142461572539 6152
1142461573010 6260
1142461573098 6281
1142461573207 6305
1142461573207 6305
1142461573384 6346
1142461573569 6389
1142461573805 6443
1142461573936 6473
1142461573936 6473
1142461573947 6476
1142461574394 6579
1142461574394 6579
1142461577809 7364
1142461577809 7365
1142461578223 7459
1142461578223 7072
1142461578628 7169
1142461578677 7181
1142461578927 7241
1142461578927 7241
1142461578931 7242
1142461578934 7243
1142461579347 7342
1142461579414 7358
1142461579454 7367
1142461579454 7367
1142461579786 7447
1142461579786 7447
1142461587008 1870
1142461587074 1884
1142461587074 1262
1142461587256 1298
1142461587404 1328
1142461587490 1345
1142461587490 837
1142461587529 843
1142461587637 860
1142461598144 778
1142461598190 789
1142461598233 798
1142461598450 848
1142461598450 803
1142461598814 873
1142461598917 896
1142461598917 853
1142461598927 855
1142461599110 885
1142461599111 886
1142461599137 890
1142461599141 891
1142461599217 904
1142461599217 785
1142461599490 847
1142461599516 853
1142461599555 862
1142461599555 842
1142461599713 869
1142461599753 875
1142461599778 880
1142461599825 888
1142461599862 894
1142461599906 901
1142461599929 905
1142461599929 714
1142461600117 759
1142461600144 766
1142461600263 794
1142461600263 624
1142461600515 682
1142461600582 698
1142461600628 708
1142461600628 569
1142461600703 582
1142461600736 587
1142461600822 602
1142461600878 611
1142461600887 613
1142461600940 622
1142461600940 549
1142461600944 549
1142461601440 653
1142461601440 633
1142461601684 674
1142461601763 688
1142461601792 693
1142461601792 693
1142461601847 703
1142461601867 707
1142461601946 721
1142461601959 724
1142461602180 778
1142461602180 758
1142461602245 769
1142461602291 777
1142461602633 835
1142461602633 835
1142461602819 866
1142461602973 892
1142461602973 771
1142461603371 862
1142461603371 818
1142461603489 838
1142461603519 844
1142461603865 902
1142461603865 902
1142461604088 940
1142461604088 878
1142461604410 955
1142461604410 837
1142461604572 874
1142461604618 885
1142461604653 893
1142461604674 898
1142461604885 946
1142461604885 736
1142461605095 772
1142461605151 781
1142461605240 796
1142461605240 796
1142461605275 802
1142461605331 811
1142461605526 844
1142461605565 851
1142461605565 763
1142461605654 784
1142461605832 827
1142461605914 847
1142461605917 847
1142461605917 806
1142461606298 870
1142461606328 875
1142461606375 883
1142461606375 883
1142461606667 933
1142461606667 754
1142461606710 764
1142461606841 794
1142461606867 800
1142461606929 815
1142461607062 845
1142461607062 741
1142461607157 758
1142461607200 765
1142461607288 780
1142461607355 797
1142461607518 836
1142461607518 817
1142461607926 886
1142461607926 798
1142461608046 819
1142461608105 828
1142461608348 884
1142461608374 890
1142461608490 916
1142461608541 929
1142461608549 930
1142461608549 903
1142461608929 968
1142461608929 796
1142461609016 817
1142461609054 826
1142461609473 927
1142461609473 824
1142461609615 848
1142461609684 860
1142461609861 889
1142461609861 764
1142461610193 841
1142461610193 812
1142461610381 843
1142461610436 853
1142461610589 879
1142461610608 883
1142461610608 883
1142461610832 920
1142461610979 945
1142461611200 982
1142461611200 894
1142461611506 967
1142461611506 941
1142461611742 981
1142461611792 989
1142461611898 1007
1142461611898 858
1142461612299 950
1142461612299 869
1142461612671 932
1142461612671 856
1142461613029 942
1142461613029 854
1142461613325 922
1142461613335 924
1142461613347 927
1142461613368 932
1142461613407 941
1142461613407 941
1142461613423 944
1142461613562 978
1142461613818 1039
1142461613818 956
1142461613921 974
1142461613967 982
1142461613987 985
1142461614003 988
1142461614029 992
1142461614075 1001
1142461614148 1013
1142461614148 889
1142461614533 978
1142461614533 872
1142461614923 938
1142461614923 867
1142461615085 906
1142461615265 949
1142461615302 958
1142461615302 794
1142461615536 834
1142461615588 842
1142461615597 844
1142461615661 855
1142461615714 864
1142461615714 726
1142461616046 802
1142461616046 733
1142461616450 830
1142461616480 838
1142461616500 842
1142461616500 801
1142461616645 834
1142461616684 843
1142461616763 861
1142461616795 869
1142461616795 801
1142461616901 827
1142461617203 899
1142461617203 774
1142461617302 791
1142461617342 798
1142461617349 799
1142461617374 803
1142461617444 815
1142461617490 822
1142461617671 853
1142461617724 862
1142461617724 862
1142461617834 881
1142461617937 899
1142461618077 922
1142461618077 772
1142461618079 772
1142461618493 867
1142461618493 812
1142461618776 880
1142461618776 764
1142461618848 780
1142461618877 787
1142461618995 814
1142461619039 824
1142461619325 890
1142461619325 856
1142461619314 854
1142461619470 881
1142461619760 930
1142461619760 859
1142461619964 906
1142461620010 917
1142461620258 973
1142461620258 886
1142461620641 977
1142461620641 936
1142461620716 953
1142461620753 961
1142461620894 994
1142461620993 1016
1142461620993 985
1142461621015 990
1142461621411 1086
1142461621411 1058
1142461621460 1069
1142461621519 1083
1142461621782 1143
1142461621782 1067
1142461621844 1082
1142461621855 1085
1142461621884 1091
1142461622052 1132
1142461622170 1160
1142461622170 993
1142461622625 1069
1142461622625 787
1142461622680 801
1142461622765 821
1142461622845 840
1142461622874 847
1142461622916 857
1142461623039 887
1142461623039 826
1142461623483 901
1142461623483 901
1142461623625 924
1142461623709 939
1142461623779 950
1142461623785 951
1142461623785 879
1142461623835 891
1142461623875 900
1142461623894 905
1142461624239 984
1142461624239 942
1142461624482 983
1142461624482 827
1142461624891 925
1142461624891 723
1142461624963 735
1142461625006 742
1142461625019 744
1142461625092 757
1142461625209 776
1142461625209 724
1142461625357 749
1142461625368 751
1142461625638 797
1142461625638 797
1142461625776 820
1142461625844 831
1142461626084 872
1142461626084 831
1142461626549 938
1142461626549 897
1142461626611 912
1142461626628 916
1142461626816 961
1142461626926 988
1142461626993 1004
1142461626993 873
1142461627394 965
1142461627408 968
1142461627433 974
1142461627437 975
1142461627474 983
1142461627474 946
1142461627858 1011
1142461627858 890
1142461628171 950
1142461628209 959
1142461628220 962
1142461628220 952
1142461628265 959
1142461628401 982
1142461628437 988
1142461628480 996
1142461628679 1029
1142461628679 968
1142461628986 1028
1142461629019 1036
1142461629104 1056
1142461629104 1040
1142461629582 1121
1142461629582 1086
1142461629776 1133
1142461629937 1172
1142461629947 1174
1142461629947 1152
1142461630150 1198
1142461630167 1202
1142461630222 1215
1142461630327 1239
1142461630397 1255
1142461630397 1202
1142461630766 1285
1142461630766 1260
1142461630967 1294
1142461631023 1304
1142461631305 1352
1142461631305 1260
1142461631453 1293
1142461631473 1298
1142461631621 1332
1142461631644 1338
1142461631845 1384
1142461631845 1320
1142461632164 1374
1142461632164 1076
1142461632411 1135
1142461632516 1160
1142461632575 1174
1142461632575 958
1142461632916 1016
1142461632970 1025
1142461633000 1030
1142461633071 1042
1142461633398 1097
1142461633398 987
1142461633947 1114
1142461633947 1044
1142461634239 1093
1142461634266 1098
1142461634381 1121
1142461634381 1121
1142461634664 1178
1142461634778 1201
1142461635707 1389
1142461635707 1342
1142461635956 1384
1142461636052 1406
1142461636177 1435
1142461636177 1429
1142461636526 1511
1142461636526 1480
1142461636574 1488
1142461636674 1505
1142461636976 1556
1142461636976 1556
1142461637097 1577
1142461637189 1592
1142461637506 1646
1142461637506 1600
1142461637653 1636
1142461637690 1644
1142461637829 1678
1142461637829 1509
1142461638045 1558
1142461638117 1575
1142461638316 1621
1142461638316 1499
1142461638996 1614
1142461638996 1196
1142461639296 1268
1142461639354 1282
1142461639447 1304
1142461639447 1213
1142461639520 1226
1142461639578 1236
1142461639858 1283
1142461639943 1297
1142461639943 1177
1142461639972 1183
1142461640222 1241
1142461640246 1247
1142461640289 1256
1142461640289 1182
1142461640452 1210
1142461640486 1216
1142461640861 1279
1142461640924 1290
1142461640983 1300
1142461640983 1065
1142461641397 1164
1142461641470 1182
1142461641470 1099
1142461641520 1107
1142461641536 1110
1142461641597 1120
1142461641959 1181
1142461641959 974
1142461642398 1051
1142461642423 1056
1142461642888 1163
1142461642888 1131
1142461643296 1201
1142461643296 1167
1142461643569 1230
1142461643588 1234
1142461643872 1300
1142461643872 1204
1142461644138 1249
1142461644138 1196
1142461644217 1215
1142461644237 1220
1142461644676 1325
1142461644676 1279
1142461644720 1287
1142461644792 1299
1142461645082 1348
1142461645082 1348
1142461645490 1417
1142461645594 1434
1142461645634 1441
1142461645634 1379
1142461645865 1435
1142461645865 1388
1142461646026 1415
1142461646054 1420
1142461646105 1428
1142461646134 1433
1142461646190 1442
1142461646210 1446
1142461647029 1625
1142461647029 1585
1142461647421 1651
1142461647421 1583
1142461647878 1689
1142461647920 1698
1142461648078 1735
1142461648097 1739
1142461648097 1627
1142461648206 1645
1142461648691 1738
1142461648691 1727
1142461649196 1812
1142461649301 1830
1142461649301 1830
1142461649305 1831
1142461649733 1903
1142461649789 1913
1142461649796 1914
1142461649913 1934
1142461650016 1951
1142461650016 1701
1142461650226 1751
1142461650282 1764
1142461650664 1856
1142461650796 1888
1142461650798 1889
1142461650798 1389
1142461650893 1411
1142461650962 1427
1142461651447 1539
1142461651506 1552
1142461652322 1740
1142461652322 1641
1142461652786 1722
1142461652786 1714
1142461652871 1728
1142461652934 1739
1142461653125 1771
1142461653237 1790
1142461653291 1799
1142461653291 1763
1142461653371 1783
1142461653421 1795
1142461653819 1890
1142461653819 1657
1142461653714 1640
1142461653819 1658
1142461654158 1715
1142461654158 1323
1142461654365 1371
1142461654417 1382
1142461654697 1447
1142461654697 1340
1142461655371 1454
1142461655371 1432
1142461655516 1466
1142461655556 1475
1142461655818 1535
1142461655835 1539
1142461656371 1663
1142461656371 1535
1142461656608 1574
1142461656673 1585
1142461656737 1596
1142461656737 1596
1142461657016 1643
1142461657135 1664
1142461657273 1687
1142461657273 1605
1142461657450 1648
1142461657469 1652
1142461657808 1734
1142461657808 1646
1142461657904 1663
1142461658025 1683
1142461658237 1719
1142461658237 1719
1142461658480 1760
1142461658612 1782
1142461658878 1827
1142461658878 1815
1142461659328 1922
1142461659328 1791
1142461659582 1834
1142461659658 1847
1142461659884 1885
1142461659884 1593
1142461659996 1619
1142461660020 1625
1142461660444 1722
1142461660493 1734
1142461660680 1777
1142461660680 1564
1142461660929 1606
1142461660929 1446
1142461661332 1543
1142461661332 1476
1142461661417 1490
1142461661526 1509
1142461661618 1524
1142461661622 1525
